-,-,-
-954.833984, -261.474609, -105.224609
-975.341797, -240.478516, -68.115234
-981.201172, -239.501953, -58.837891
-981.201172, -237.548828, -80.810547
-971.435547, -229.248047, -76.416016
-972.412109, -230.224609, -71.044922
-976.318359, -229.248047, -62.255859
-970.947266, -238.525391, -59.326172
-967.529297, -229.248047, -71.533203
-971.923828, -234.130859, -70.068359
-974.365234, -234.130859, -56.884766
-967.529297, -235.595703, -56.884766
-969.482422, -224.365234, -65.185547
-978.271484, -229.248047, -67.138672
-980.224609, -230.224609, -56.884766
-975.341797, -233.154297, -60.302734
-972.900391, -234.130859, -75.439453
-972.900391, -233.154297, -59.814453
-973.388672, -230.224609, -61.279297
-964.599609, -229.248047, -51.513672
-969.482422, -226.318359, -63.232422
-970.458984, -234.130859, -52.978516
-968.994141, -224.365234, -59.814453
-974.365234, -233.154297, -54.443359
-973.876953, -226.318359, -61.279297
-970.458984, -232.177734, -63.720703
-973.388672, -242.431641, -52.978516
-993.896484, -250.732422, -42.724609
-986.572266, -211.669922, -39.794922
-,-,-
-970.947266, -231.201172, -56.884766
-968.505859, -233.154297, -52.978516
-964.111328, -222.412109, -39.306641
-968.994141, -224.365234, -50.537109
-975.341797, -237.548828, -41.748047
-969.970703, -232.177734, -51.513672
-969.970703, -223.388672, -56.884766
-979.248047, -229.248047, -39.794922
-975.341797, -226.318359, -48.583984
-972.900391, -227.294922, -49.560547
-971.923828, -229.248047, -42.724609
-971.435547, -220.458984, -31.982422
-977.783203, -229.248047, -42.724609
-981.201172, -218.505859, -40.283203
-976.318359, -221.435547, -42.236328
-975.341797, -226.318359, -42.724609
-971.923828, -218.994141, -40.283203
-972.900391, -221.435547, -40.771484
-972.900391, -214.599609, -44.677734
-982.177734, -218.017578, -44.677734
-967.529297, -221.435547, -42.724609
-973.388672, -221.435547, -33.935547
-973.388672, -227.294922, -48.583984
-976.318359, -207.763672, -39.794922
-988.037109, -227.294922, -39.306641
-974.365234, -220.458984, -25.146484
-,-,-
-969.482422, -227.294922, -43.212891
-971.923828, -214.111328, -38.330078
-979.248047, -218.017578, -32.958984
-984.619141, -225.341797, -36.865234
-977.294922, -216.064453, -31.005859
-975.341797, -217.529297, -39.306641
-967.529297, -224.365234, -31.982422
-973.388672, -218.017578, -31.005859
-982.177734, -217.041016, -29.052734
-974.365234, -223.388672, -34.423828
-971.923828, -217.041016, -34.912109
-974.365234, -226.318359, -31.005859
-974.365234, -212.646484, -39.306641
-976.318359, -221.435547, -37.353516
-974.853516, -224.365234, -30.029297
-978.759766, -214.599609, -30.029297
-979.736328, -215.087891, -34.912109
-967.529297, -223.388672, -34.912109
-969.970703, -224.365234, -39.306641
-972.900391, -225.341797, -41.259766
-977.294922, -218.017578, -29.052734
-975.341797, -216.552734, -40.283203
-978.759766, -225.341797, -33.935547
-975.341797, -225.341797, -27.099609
-980.712891, -223.388672, -37.353516
-991.455078, -239.013672, -44.677734
-967.529297, -214.599609, -23.193359
-964.599609, -207.763672, -25.146484
-970.458984, -215.576172, -28.076172
-,-,-
-966.552734, -222.412109, -38.330078
-987.548828, -256.591797, -31.982422
-973.876953, -221.435547, -33.935547
-976.318359, -219.970703, -26.123047
-975.341797, -225.341797, -30.029297
-968.505859, -217.529297, -31.982422
-972.412109, -231.201172, -35.888672
-971.923828, -226.318359, -31.005859
-975.341797, -227.294922, -41.748047
-974.365234, -225.341797, -33.935547
-981.201172, -234.130859, -34.912109
-974.365234, -225.341797, -27.099609
-968.505859, -219.970703, -31.005859
-972.900391, -228.271484, -42.724609
-975.341797, -233.154297, -24.169922
-967.529297, -229.248047, -29.052734
-971.923828, -225.341797, -31.982422
-970.947266, -218.505859, -36.376953
-974.365234, -223.388672, -39.794922
-973.876953, -221.435547, -41.259766
-977.294922, -230.224609, -39.306641
-977.294922, -221.435547, -37.353516
-976.318359, -218.505859, -33.935547
-966.552734, -218.017578, -37.353516
-972.900391, -224.365234, -31.005859
-980.224609, -222.412109, -39.794922
-978.759766, -224.365234, -29.052734
-980.224609, -225.341797, -31.982422
-989.013672, -232.177734, -25.146484
-976.318359, -217.041016, -33.935547
-978.759766, -208.740234, -40.283203
-,-,-
-981.201172, -226.318359, -37.353516
-982.177734, -227.294922, -31.005859
-964.599609, -223.388672, -34.912109
-975.341797, -225.341797, -27.099609
-985.107422, -212.158203, -24.169922
-979.736328, -223.388672, -25.146484
-975.341797, -219.970703, -31.982422
-965.576172, -225.341797, -31.982422
-968.505859, -224.365234, -33.935547
-978.759766, -218.994141, -31.005859
-978.759766, -223.388672, -32.958984
-977.783203, -219.482422, -27.099609
-968.505859, -218.994141, -34.912109
-978.759766, -218.017578, -32.958984
-973.388672, -221.435547, -33.935547
-969.482422, -223.388672, -32.958984
-974.853516, -218.505859, -27.099609
-983.642578, -225.341797, -31.982422
-974.365234, -224.365234, -33.935547
-969.482422, -215.087891, -20.751953
-980.224609, -220.458984, -30.029297
-977.783203, -228.271484, -34.912109
-972.900391, -225.341797, -27.099609
-969.970703, -220.947266, -29.052734
-976.318359, -223.388672, -31.005859
-980.224609, -218.017578, -37.353516
-975.830078, -218.505859, -28.076172
-977.294922, -225.341797, -31.005859
-975.341797, -225.341797, -28.076172
-975.341797, -225.341797, -31.005859
-978.759766, -218.505859, -32.470703
-980.224609, -221.435547, -29.052734
-986.572266, -227.294922, -35.888672
-990.966797, -208.740234, -28.076172
-978.759766, -205.810547, -31.005859
-,-,-
-979.736328, -225.341797, -37.353516
-983.642578, -216.552734, -38.330078
-976.318359, -208.740234, -28.076172
-980.224609, -217.529297, -31.005859
-971.923828, -219.970703, -33.935547
-978.759766, -217.529297, -39.306641
-978.759766, -220.458984, -38.330078
-982.177734, -211.669922, -30.029297
-977.294922, -213.623047, -38.330078
-982.177734, -212.646484, -33.935547
-976.806641, -214.599609, -34.912109
-968.505859, -212.646484, -36.376953
-972.412109, -218.505859, -29.052734
-971.923828, -219.970703, -25.146484
-976.806641, -210.693359, -32.958984
-978.759766, -218.505859, -31.982422
-973.388672, -217.529297, -24.169922
-977.294922, -223.388672, -33.935547
-979.248047, -218.505859, -27.587891
-980.224609, -217.041016, -34.912109
-977.294922, -220.458984, -34.912109
-973.388672, -214.599609, -35.400391
-975.341797, -222.412109, -35.888672
-976.806641, -214.111328, -31.982422
-974.365234, -220.458984, -37.353516
-970.947266, -209.716797, -29.052734
-983.154297, -218.994141, -35.888672
-993.408203, -220.947266, -30.029297
-985.595703, -209.716797, -14.404297
-957.275391, -190.673828, -18.310547
-,-,-
-974.365234, -232.177734, -25.146484
-989.013672, -224.365234, -29.052734
-988.525391, -214.599609, -23.193359
-970.947266, -218.505859, -26.123047
-973.876953, -213.623047, -17.822266
-977.294922, -223.388672, -24.169922
-972.900391, -209.228516, -28.076172
-972.900391, -224.365234, -26.123047
-978.759766, -222.412109, -18.798828
-984.130859, -215.576172, -20.751953
-968.505859, -221.435547, -29.052734
-979.736328, -222.412109, -28.076172
-976.318359, -211.669922, -24.169922
-971.923828, -224.365234, -28.076172
-973.876953, -221.435547, -29.052734
-975.341797, -217.041016, -29.052734
-982.177734, -218.505859, -26.123047
-977.783203, -227.294922, -22.216797
-973.876953, -221.923828, -19.775391
-980.224609, -226.318359, -31.005859
-969.482422, -221.435547, -23.681641
-979.736328, -222.412109, -26.123047
-983.154297, -218.017578, -25.146484
-981.689453, -219.970703, -28.076172
-974.365234, -225.341797, -29.052734
-976.806641, -215.576172, -25.146484
-979.736328, -221.435547, -20.751953
-973.876953, -225.341797, -25.146484
-976.806641, -223.388672, -22.216797
-977.783203, -218.505859, -30.029297
-973.388672, -220.458984, -26.123047
-973.388672, -227.294922, -28.076172
-975.341797, -227.294922, -27.099609
-982.177734, -225.341797, -28.076172
-985.595703, -221.435547, -16.357422
-995.849609, -228.271484, -27.099609
-,-,-
-972.900391, -234.130859, -36.376953
-971.923828, -224.365234, -34.912109
-975.830078, -220.458984, -31.005859
-981.201172, -221.923828, -28.076172
-982.666016, -217.041016, -31.005859
-970.458984, -221.435547, -25.146484
-977.294922, -219.970703, -25.146484
-979.736328, -222.900391, -33.935547
-982.177734, -220.947266, -29.052734
-973.388672, -221.435547, -24.169922
-971.435547, -223.388672, -29.052734
-972.900391, -224.365234, -31.982422
-978.759766, -223.388672, -30.029297
-977.783203, -218.994141, -24.169922
-978.759766, -223.388672, -25.146484
-973.388672, -224.365234, -23.681641
-976.318359, -223.388672, -31.005859
-977.783203, -218.017578, -22.216797
-971.923828, -211.669922, -22.216797
-981.201172, -218.505859, -30.029297
-980.712891, -223.388672, -28.076172
-966.552734, -218.505859, -31.982422
-969.970703, -218.017578, -27.099609
-977.783203, -217.041016, -25.146484
-976.318359, -223.388672, -31.982422
-972.412109, -223.388672, -27.099609
-970.947266, -218.505859, -31.982422
-988.037109, -212.158203, -21.728516
-977.294922, -221.435547, -23.193359
-973.388672, -225.341797, -29.052734
-973.388672, -219.970703, -31.982422
-982.177734, -214.111328, -36.376953
-982.177734, -220.947266, -27.099609
-975.341797, -218.505859, -29.052734
-977.783203, -217.041016, -27.099609
-975.341797, -218.994141, -33.447266
-978.759766, -226.318359, -26.123047
-989.013672, -214.111328, -27.099609
-985.595703, -228.271484, -24.169922
-955.322266, -197.021484, 7.812500
-,-,-
-980.712891, -231.201172, -28.076172
-973.388672, -218.017578, -19.775391
-976.318359, -220.458984, -13.427734
-974.365234, -226.318359, -26.123047
-967.529297, -215.087891, -15.869141
-975.830078, -215.087891, -26.123047
-973.388672, -229.248047, -17.333984
-979.736328, -213.623047, -18.310547
-974.365234, -228.271484, -20.751953
-970.458984, -221.435547, -18.310547
-974.365234, -218.994141, -11.474609
-975.341797, -226.318359, -17.822266
-974.365234, -215.576172, -25.146484
-974.365234, -220.947266, -24.169922
-976.318359, -219.970703, -22.216797
-972.900391, -224.365234, -25.146484
-982.177734, -224.365234, -20.751953
-975.341797, -217.041016, -24.169922
-971.435547, -221.435547, -21.728516
-969.482422, -219.970703, -22.705078
-981.201172, -226.318359, -17.822266
-975.341797, -217.041016, -15.869141
-965.087891, -223.388672, -18.798828
-971.923828, -218.017578, -25.146484
-978.759766, -224.365234, -17.822266
-976.806641, -221.435547, -24.169922
-974.365234, -218.994141, -23.193359
-980.712891, -217.041016, -28.076172
-983.642578, -216.552734, -21.240234
-974.365234, -221.435547, -27.099609
-973.388672, -218.017578, -23.193359
-972.900391, -222.412109, -22.216797
-977.783203, -221.435547, -31.494141
-972.412109, -220.947266, -29.052734
-971.923828, -218.994141, -19.775391
-975.830078, -221.435547, -21.728516
-994.384766, -230.224609, -26.123047
-992.431641, -255.615234, -27.099609
-977.294922, -207.763672, -7.568359
-,-,-
-995.849609, -222.412109, -24.169922
-996.826172, -232.177734, -12.451172
-970.947266, -192.626953, -25.146484
-970.458984, -226.318359, -18.798828
-976.318359, -233.154297, -19.775391
-957.275391, -232.177734, -7.568359
-966.552734, -223.388672, -32.958984
-981.201172, -228.271484, -18.798828
-972.412109, -225.341797, -26.123047
-972.900391, -228.271484, -16.357422
-971.923828, -230.224609, -22.705078
-968.505859, -228.271484, -14.404297
-968.505859, -234.130859, -24.169922
-965.576172, -230.224609, -24.169922
-983.154297, -220.458984, -16.845703
-985.595703, -233.154297, -19.775391
-972.412109, -228.271484, -29.052734
-975.341797, -219.970703, -24.169922
-974.853516, -225.341797, -25.146484
-969.482422, -224.365234, -23.193359
-976.318359, -226.318359, -27.099609
-979.248047, -225.341797, -21.728516
-976.318359, -226.318359, -24.169922
-973.876953, -223.388672, -24.169922
-976.806641, -224.365234, -18.798828
-976.806641, -227.294922, -19.775391
-967.529297, -231.201172, -26.123047
-971.923828, -223.388672, -16.357422
-975.341797, -229.248047, -20.751953
-977.294922, -223.388672, -17.822266
-969.482422, -229.248047, -24.169922
-969.970703, -230.224609, -23.193359
-978.271484, -225.341797, -16.845703
-982.177734, -225.341797, -20.751953
-964.111328, -227.294922, -16.845703
-971.923828, -216.064453, -28.076172
-986.572266, -237.548828, -30.029297
-993.408203, -215.087891, -9.521484
-962.646484, -236.083984, 12.695312
-,-,-
-996.337891, -232.177734, -24.169922
-979.248047, -237.548828, -30.029297
-969.482422, -219.482422, -24.169922
-971.923828, -228.271484, -21.728516
-986.083984, -231.201172, -25.146484
-977.783203, -230.224609, -26.123047
-971.923828, -226.318359, -24.169922
-971.435547, -223.388672, -15.380859
-979.736328, -229.248047, -19.775391
-978.271484, -230.224609, -16.357422
-975.341797, -218.505859, -23.193359
-968.505859, -225.341797, -30.029297
-973.388672, -224.365234, -25.146484
-973.388672, -226.318359, -25.146484
-974.365234, -225.341797, -24.169922
-976.318359, -219.482422, -30.029297
-979.248047, -224.365234, -25.146484
-977.294922, -225.341797, -24.169922
-976.318359, -225.341797, -17.822266
-975.341797, -220.458984, -24.169922
-977.294922, -226.318359, -16.845703
-972.900391, -230.224609, -21.728516
-973.876953, -224.365234, -24.169922
-973.388672, -222.412109, -23.681641
-975.830078, -232.177734, -23.193359
-974.853516, -224.365234, -17.822266
-977.783203, -219.482422, -29.052734
-970.458984, -226.318359, -15.869141
-973.388672, -226.318359, -20.751953
-968.505859, -227.294922, -34.912109
-977.783203, -230.224609, -22.216797
-971.923828, -225.341797, -21.728516
-978.759766, -223.388672, -26.123047
-977.783203, -223.876953, -24.169922
-979.736328, -229.248047, -23.193359
-974.365234, -233.154297, -31.494141
-985.107422, -231.201172, -18.798828
-978.759766, -218.017578, -12.451172
-,-,-
-989.990234, -231.201172, -38.330078
-964.599609, -204.833984, -39.306641
-975.341797, -206.787109, -28.076172
-982.177734, -219.970703, -18.798828
-978.759766, -219.970703, -29.052734
-976.806641, -215.576172, -32.958984
-974.853516, -214.111328, -33.447266
-970.947266, -217.041016, -36.376953
-973.388672, -218.017578, -31.005859
-973.876953, -219.970703, -34.912109
-978.271484, -215.087891, -37.353516
-972.900391, -218.994141, -32.958984
-973.876953, -213.623047, -38.330078
-979.736328, -219.970703, -31.982422
-970.947266, -217.041016, -33.935547
-979.248047, -219.970703, -40.771484
-977.294922, -217.041016, -32.958984
-978.759766, -225.341797, -37.353516
-975.341797, -217.041016, -29.052734
-972.900391, -217.041016, -35.400391
-972.900391, -220.947266, -30.029297
-978.759766, -226.318359, -26.123047
-977.783203, -220.458984, -31.982422
-976.806641, -219.970703, -30.029297
-970.947266, -219.482422, -34.423828
-972.412109, -216.064453, -34.912109
-979.248047, -217.529297, -31.005859
-981.201172, -217.041016, -30.029297
-981.201172, -216.064453, -34.423828
-973.388672, -220.458984, -26.123047
-977.294922, -222.412109, -39.306641
-977.783203, -222.412109, -31.005859
-976.318359, -219.970703, -34.912109
-960.693359, -227.294922, -30.029297
-990.966797, -236.572266, -7.568359
-,-,-
-982.177734, -191.162109, -43.701172
-953.857422, -222.412109, -33.935547
-969.482422, -224.365234, -43.212891
-970.458984, -229.248047, -40.283203
-975.341797, -221.435547, -36.865234
-980.224609, -227.294922, -44.677734
-971.923828, -231.201172, -40.283203
-974.853516, -213.623047, -40.283203
-974.365234, -215.576172, -43.701172
-973.388672, -216.552734, -33.935547
-975.830078, -229.248047, -37.353516
-975.341797, -220.458984, -34.912109
-974.365234, -222.412109, -38.330078
-973.388672, -218.017578, -33.447266
-978.271484, -226.318359, -34.912109
-975.341797, -223.388672, -26.123047
-968.994141, -224.365234, -28.076172
-977.783203, -225.341797, -33.935547
-981.201172, -226.318359, -31.982422
-969.970703, -218.017578, -40.771484
-972.412109, -217.041016, -31.005859
-975.341797, -224.365234, -34.912109
-973.388672, -223.388672, -30.029297
-971.435547, -222.412109, -29.052734
-973.388672, -217.041016, -38.330078
-982.177734, -221.435547, -32.958984
-977.783203, -225.341797, -38.330078
-972.900391, -222.412109, -42.236328
-973.388672, -215.087891, -31.005859
-979.736328, -218.505859, -33.935547
-979.248047, -233.154297, -31.005859
-980.712891, -245.849609, -25.146484
-962.158203, -222.412109, -36.865234
-,-,-
-1029.052734, -399.169922, -100.341797
-976.318359, -365.966797, -25.146484
-916.748047, -337.158203, -21.728516
-884.521484, -364.990234, -36.376953
-915.283203, -363.037109, -45.654297
-940.673828, -345.458984, -50.048828
-943.603516, -337.158203, -26.123047
-925.537109, -346.435547, -21.728516
-938.232422, -350.341797, -10.498047
-948.974609, -357.666016, -27.099609
-948.974609, -337.158203, -29.052734
-932.373047, -343.505859, -34.423828
-926.513672, -344.482422, -60.302734
-941.650391, -338.134766, -53.955078
-958.251953, -330.810547, -53.955078
-947.509766, -349.365234, -44.677734
-927.978516, -338.134766, -50.537109
-924.560547, -345.458984, -43.701172
-940.185547, -340.576172, -60.302734
-949.951172, -334.228516, -59.326172
-956.298828, -346.435547, -62.255859
-940.673828, -344.482422, -44.677734
-932.861328, -347.412109, -55.419922
-942.138672, -349.365234, -59.326172
-939.208984, -333.740234, -63.232422
-947.998047, -347.412109, -77.392578
-943.603516, -345.458984, -75.439453
-913.330078, -341.552734, -78.857422
-926.025391, -364.990234, -60.302734
-963.134766, -355.224609, -59.326172
-950.927734, -363.037109, -55.908203
-977.783203, -354.248047, -69.091797
-,-,-
-995.361328, -372.802734, -42.724609
-960.693359, -329.833984, -70.068359
-933.837891, -358.642578, -54.443359
-919.189453, -367.919922, -74.462891
-914.794922, -357.177734, -59.814453
-925.537109, -354.248047, -59.326172
-930.419922, -357.177734, -65.185547
-934.814453, -363.037109, -49.560547
-921.142578, -358.642578, -46.630859
-934.814453, -352.294922, -58.837891
-937.255859, -364.013672, -64.208984
-926.025391, -357.666016, -57.861328
-921.630859, -354.248047, -49.560547
-940.185547, -362.060547, -70.068359
-933.349609, -362.548828, -56.884766
-930.908203, -354.248047, -48.583984
-937.255859, -354.736328, -56.884766
-936.279297, -347.412109, -49.560547
-935.791016, -346.435547, -72.509766
-917.724609, -358.154297, -72.021484
-914.306641, -353.271484, -62.255859
-922.607422, -352.294922, -62.255859
-958.740234, -357.177734, -66.162109
-953.369141, -343.505859, -53.955078
-927.978516, -341.552734, -53.955078
-916.259766, -347.412109, -72.509766
-947.998047, -332.275391, -70.068359
-951.904297, -339.111328, -68.115234
-950.927734, -339.111328, -70.068359
-938.232422, -350.341797, -65.185547
-935.791016, -349.365234, -69.091797
-947.021484, -360.107422, -65.185547
-958.251953, -344.482422, -60.302734
-,-,-
-942.138672, -354.248047, 0.976562
-947.998047, -359.130859, 11.718750
-947.021484, -352.294922, -0.244141
-947.998047, -358.154297, 13.183594
-938.232422, -356.201172, 2.929688
-937.255859, -366.943359, 3.906250
-936.279297, -351.318359, 4.394531
-947.998047, -352.294922, 0.000000
-945.068359, -360.595703, 4.882812
-934.814453, -354.248047, 9.765625
-933.349609, -350.341797, 7.812500
-934.814453, -357.177734, 10.742188
-944.580078, -355.224609, -2.685547
-946.044922, -349.365234, 1.953125
-938.232422, -354.248047, -2.685547
-920.654297, -353.271484, 9.765625
-934.814453, -351.318359, 6.835938
-937.255859, -361.083984, 7.812500
-947.021484, -356.201172, 7.812500
-934.814453, -360.107422, 8.789062
-924.560547, -351.318359, 6.835938
-946.044922, -339.599609, 5.859375
-935.791016, -354.248047, 9.765625
-940.185547, -357.666016, -0.244141
-944.091797, -349.365234, -2.197266
-941.162109, -352.294922, -7.568359
-912.353516, -346.435547, -23.193359
-948.486328, -358.642578, 2.929688
-935.302734, -350.341797, -5.615234
-943.603516, -351.318359, -12.451172
-,-,-
-939.208984, -353.271484, -1.220703
-933.349609, -361.572266, 8.789062
-937.255859, -347.412109, 11.718750
-947.998047, -364.013672, 12.695312
-952.880859, -362.060547, 10.742188
-941.162109, -357.666016, 7.812500
-931.884766, -357.177734, 9.765625
-933.837891, -361.083984, 9.765625
-935.791016, -364.013672, 11.718750
-936.279297, -374.755859, 8.789062
-932.861328, -367.919922, 16.601562
-930.419922, -364.013672, 17.089844
-928.466797, -367.919922, 8.789062
-933.349609, -375.732422, 8.789062
-916.259766, -369.873047, 8.789062
-939.697266, -375.732422, 8.789062
-929.443359, -370.849609, 15.625000
-931.396484, -366.943359, 18.066406
-925.537109, -360.595703, 10.742188
-927.978516, -371.826172, 8.789062
-922.119141, -374.755859, 12.695312
-934.814453, -370.849609, 6.835938
-939.208984, -364.501953, 13.671875
-933.837891, -363.037109, 6.835938
-934.326172, -369.873047, 4.882812
-922.607422, -370.849609, 4.882812
-934.814453, -363.037109, 6.835938
-943.115234, -364.013672, 6.835938
-938.232422, -356.201172, 20.019531
-904.052734, -338.134766, 9.765625
-884.521484, -339.599609, 0.976562
-948.486328, -367.919922, 4.882812
-,-,-
-944.091797, -384.033203, -9.521484
-944.580078, -337.158203, 6.835938
-956.298828, -347.412109, -7.568359
-956.787109, -340.576172, -2.197266
-936.767578, -344.482422, 3.906250
-942.626953, -344.482422, -9.521484
-941.650391, -341.552734, -9.521484
-933.837891, -331.787109, -13.427734
-938.720703, -341.552734, -17.333984
-946.044922, -346.435547, -7.568359
-941.162109, -339.599609, -5.615234
-940.185547, -350.341797, -12.451172
-943.115234, -340.576172, -18.310547
-935.302734, -339.599609, -18.798828
-945.068359, -343.505859, -15.869141
-944.580078, -346.435547, -14.404297
-940.673828, -340.576172, -16.357422
-944.580078, -347.412109, -8.544922
-939.208984, -340.576172, -16.845703
-950.439453, -339.599609, -13.427734
-935.791016, -340.576172, -26.123047
-939.208984, -341.552734, -17.822266
-937.255859, -345.458984, -4.150391
-938.232422, -344.482422, -10.498047
-948.486328, -341.552734, -9.521484
-949.462891, -339.599609, -14.404297
-941.650391, -339.599609, -18.798828
-930.419922, -339.111328, -13.427734
-939.697266, -345.458984, -18.798828
-947.021484, -342.529297, -13.427734
-945.068359, -364.013672, -17.822266
-927.001953, -362.060547, 23.437500
-949.462891, -343.505859, 18.066406
-,-,-
-945.556641, -361.572266, 29.296875
-950.927734, -352.294922, -2.197266
-946.044922, -330.810547, 4.882812
-947.021484, -343.017578, 7.812500
-933.837891, -346.435547, 6.835938
-934.814453, -337.646484, 9.765625
-941.650391, -329.833984, 5.859375
-936.279297, -346.435547, 3.906250
-942.138672, -344.482422, 7.812500
-946.044922, -337.158203, 7.812500
-945.068359, -334.228516, 12.695312
-946.044922, -343.505859, 20.996094
-941.650391, -340.576172, 6.835938
-943.603516, -338.623047, 8.789062
-951.904297, -328.857422, 14.160156
-946.044922, -341.552734, 10.742188
-939.208984, -341.552734, 13.671875
-942.138672, -329.833984, 8.789062
-940.185547, -336.181641, 3.906250
-941.162109, -340.576172, 7.812500
-938.232422, -336.181641, 7.812500
-942.138672, -333.740234, 16.113281
-941.650391, -341.552734, 12.695312
-939.208984, -340.576172, 8.789062
-938.232422, -335.205078, 0.976562
-942.138672, -340.576172, 8.789062
-947.509766, -341.552734, 9.765625
-945.068359, -342.529297, 5.859375
-940.673828, -333.251953, 17.089844
-938.232422, -340.576172, 7.812500
-940.185547, -342.529297, 8.789062
-938.232422, -342.529297, 24.414062
-966.552734, -341.552734, 3.906250
-962.158203, -349.365234, 26.367188
-,-,-
-943.603516, -332.763672, 12.695312
-938.232422, -342.529297, 25.390625
-953.369141, -323.974609, 32.714844
-966.064453, -326.904297, 26.367188
-944.091797, -328.857422, 19.042969
-933.837891, -330.810547, 24.414062
-935.302734, -333.740234, 31.250000
-955.322266, -322.509766, 13.671875
-950.927734, -333.740234, 33.203125
-955.322266, -332.763672, 26.367188
-947.509766, -320.068359, 25.390625
-941.162109, -334.228516, 19.042969
-941.650391, -330.322266, 25.390625
-950.439453, -332.763672, 28.320312
-941.650391, -329.833984, 20.996094
-952.880859, -325.927734, 22.460938
-951.416016, -331.787109, 19.042969
-944.580078, -324.951172, 20.019531
-942.138672, -322.021484, 13.671875
-946.044922, -326.904297, 19.042969
-947.509766, -326.904297, 21.484375
-945.068359, -336.181641, 17.089844
-944.580078, -328.857422, 12.695312
-947.998047, -331.787109, 18.066406
-950.439453, -324.951172, 13.671875
-943.115234, -331.787109, 20.019531
-941.650391, -326.904297, 9.765625
-941.650391, -323.974609, 13.671875
-943.115234, -329.833984, 5.859375
-946.044922, -327.880859, 13.671875
-944.580078, -330.810547, 7.812500
-950.927734, -326.904297, 16.113281
-946.044922, -325.927734, 16.601562
-947.021484, -329.833984, 10.742188
-942.626953, -323.974609, 17.089844
-948.974609, -342.529297, 10.742188
-956.787109, -331.787109, 6.835938
-979.736328, -354.248047, 5.859375
-941.650391, -342.529297, 31.250000
-,-,-
-918.212891, -341.552734, 32.226562
-940.185547, -339.599609, 19.042969
-956.298828, -350.341797, 34.667969
-955.810547, -345.458984, 34.667969
-940.185547, -335.205078, 35.644531
-941.650391, -344.482422, 30.273438
-942.626953, -350.341797, 35.156250
-936.279297, -340.576172, 25.390625
-940.185547, -344.482422, 34.667969
-936.767578, -340.576172, 32.226562
-940.673828, -339.111328, 23.437500
-939.697266, -336.181641, 28.320312
-937.255859, -335.205078, 32.714844
-945.068359, -343.505859, 27.343750
-946.044922, -344.482422, 32.714844
-936.279297, -338.134766, 32.714844
-937.255859, -341.552734, 29.296875
-938.232422, -337.158203, 31.250000
-948.486328, -342.529297, 27.343750
-939.208984, -337.158203, 19.042969
-937.255859, -340.576172, 16.601562
-930.419922, -339.111328, 22.460938
-943.115234, -338.623047, 29.296875
-946.044922, -337.646484, 32.226562
-940.185547, -341.552734, 29.296875
-934.814453, -335.205078, 26.367188
-947.998047, -333.251953, 28.320312
-942.626953, -334.716797, 29.296875
-937.255859, -342.529297, 25.390625
-938.232422, -336.181641, 18.066406
-933.837891, -345.458984, 12.695312
-943.115234, -366.943359, 22.460938
-958.740234, -359.619141, 3.906250
-965.087891, -305.419922, 24.414062
-,-,-
-940.185547, -343.505859, 25.390625
-944.091797, -312.744141, 23.925781
-947.509766, -367.919922, 8.789062
-964.111328, -340.576172, 30.273438
-950.439453, -340.576172, 29.296875
-934.326172, -333.251953, 27.343750
-936.279297, -345.458984, 25.390625
-938.232422, -338.623047, 30.273438
-946.044922, -329.833984, 27.343750
-944.580078, -335.205078, 28.320312
-938.232422, -350.341797, 22.949219
-939.208984, -338.134766, 31.250000
-945.068359, -340.576172, 31.250000
-938.232422, -341.552734, 27.343750
-937.255859, -345.458984, 21.972656
-942.626953, -342.529297, 20.996094
-943.115234, -336.181641, 22.949219
-940.673828, -344.482422, 26.367188
-942.138672, -342.529297, 19.042969
-942.626953, -337.158203, 29.296875
-937.255859, -337.158203, 26.367188
-945.068359, -342.529297, 29.296875
-940.185547, -334.228516, 27.343750
-941.162109, -341.552734, 25.390625
-940.185547, -343.505859, 23.437500
-940.185547, -346.435547, 13.671875
-935.302734, -346.435547, 18.066406
-949.462891, -346.435547, 16.113281
-942.626953, -347.412109, 28.320312
-937.255859, -352.294922, 20.019531
-965.576172, -388.427734, 12.695312
-962.646484, -345.458984, 1.953125
-944.091797, -294.677734, 0.488281
-,-,-
-927.001953, -331.787109, 15.136719
-919.189453, -333.251953, 7.812500
-934.326172, -346.435547, 7.812500
-938.232422, -359.619141, 1.464844
-944.580078, -345.458984, 18.066406
-932.373047, -342.529297, 15.136719
-933.349609, -340.576172, 19.042969
-945.068359, -346.435547, 10.742188
-939.208984, -347.412109, -1.220703
-936.279297, -347.412109, 9.765625
-937.255859, -345.458984, 17.089844
-933.837891, -350.341797, 9.765625
-942.626953, -333.740234, 7.812500
-947.998047, -345.458984, 7.812500
-948.486328, -344.482422, 4.882812
-934.814453, -342.529297, 14.160156
-928.955078, -350.341797, 6.835938
-944.580078, -343.505859, 1.464844
-946.533203, -342.529297, 10.742188
-937.255859, -344.482422, 2.929688
-938.232422, -344.482422, 11.718750
-943.603516, -344.482422, 6.835938
-942.626953, -333.740234, 10.742188
-937.255859, -347.412109, 24.414062
-940.185547, -342.529297, 5.859375
-942.626953, -346.435547, 7.812500
-939.697266, -347.412109, 6.835938
-930.419922, -340.576172, 3.906250
-946.533203, -343.505859, 6.835938
-943.603516, -342.529297, 4.882812
-939.208984, -338.623047, 11.718750
-938.232422, -344.482422, 7.812500
-938.232422, -339.599609, 10.742188
-946.044922, -347.412109, 7.812500
-940.185547, -344.482422, 6.835938
-953.857422, -328.857422, 2.929688
-926.513672, -357.666016, 5.859375
-922.607422, -333.740234, 23.437500
-,-,-
-912.353516, -376.220703, 24.414062
-935.302734, -352.294922, 20.019531
-943.603516, -349.365234, 8.789062
-958.251953, -343.505859, 7.812500
-946.044922, -338.134766, 14.648438
-931.884766, -347.412109, 6.835938
-927.978516, -346.435547, 8.789062
-945.068359, -342.529297, 6.835938
-946.044922, -349.365234, 6.835938
-944.091797, -341.552734, 4.882812
-935.791016, -354.736328, 9.765625
-939.208984, -349.365234, 10.742188
-938.232422, -343.505859, 0.488281
-941.650391, -342.041016, 5.859375
-943.603516, -349.365234, 6.835938
-941.162109, -343.505859, 8.789062
-940.185547, -345.458984, 8.789062
-945.068359, -348.388672, 1.953125
-942.626953, -344.482422, 6.835938
-936.767578, -338.134766, 5.371094
-934.814453, -343.505859, 4.882812
-937.255859, -343.505859, 0.976562
-944.091797, -350.341797, 5.859375
-947.021484, -348.388672, -0.244141
-937.255859, -342.529297, 8.789062
-941.650391, -342.529297, -3.662109
-943.603516, -348.388672, -0.244141
-941.650391, -345.458984, 8.789062
-936.279297, -348.388672, 3.906250
-940.185547, -341.552734, -1.220703
-950.439453, -341.552734, 8.789062
-939.208984, -359.619141, -8.544922
-946.044922, -356.201172, 10.742188
-964.111328, -397.216797, 45.898438
-946.044922, -327.880859, 8.789062
-,-,-
-930.908203, -336.181641, 6.835938
-906.005859, -341.552734, 20.996094
-928.955078, -352.294922, 7.812500
-965.576172, -345.458984, 2.441406
-954.833984, -344.482422, 15.136719
-933.349609, -340.576172, 7.812500
-936.279297, -345.458984, 5.859375
-930.419922, -349.365234, 10.742188
-939.697266, -337.646484, 10.742188
-944.091797, -343.505859, 17.089844
-939.208984, -342.529297, 23.437500
-927.001953, -336.181641, 12.695312
-934.814453, -342.041016, 3.906250
-944.091797, -347.412109, 9.765625
-941.650391, -350.341797, 11.718750
-933.837891, -356.201172, 12.695312
-933.837891, -348.388672, 8.789062
-947.998047, -347.412109, 8.789062
-938.232422, -348.388672, 7.812500
-932.861328, -341.552734, 14.648438
-939.697266, -344.482422, 8.789062
-942.626953, -349.365234, 9.765625
-939.208984, -342.529297, 6.835938
-939.208984, -342.529297, 8.789062
-943.603516, -347.412109, 3.906250
-940.185547, -337.158203, 5.859375
-938.232422, -340.087891, 7.812500
-939.208984, -348.388672, 3.906250
-939.208984, -337.158203, 9.765625
-934.326172, -343.505859, 13.183594
-947.998047, -350.341797, -2.197266
-954.345703, -356.689453, 3.417969
-940.185547, -336.181641, 26.367188
-942.626953, -375.732422, 30.273438
-,-,-
-918.212891, -341.552734, 11.718750
-940.185547, -342.041016, 3.906250
-951.904297, -348.388672, 3.906250
-950.439453, -346.435547, 5.859375
-940.673828, -339.111328, 3.906250
-932.861328, -336.181641, -10.498047
-943.603516, -341.552734, -4.638672
-946.044922, -341.552734, 0.976562
-944.091797, -332.763672, -1.220703
-940.185547, -340.576172, 10.742188
-938.232422, -348.388672, 1.953125
-947.021484, -350.341797, -0.244141
-947.998047, -341.552734, -1.220703
-945.068359, -341.552734, 7.812500
-943.115234, -339.111328, 7.812500
-939.208984, -339.111328, -2.197266
-935.302734, -336.181641, -2.197266
-939.208984, -339.111328, 7.812500
-945.068359, -342.529297, 3.906250
-941.162109, -341.552734, 4.882812
-939.208984, -340.576172, 6.835938
-940.185547, -343.505859, 15.136719
-947.021484, -340.576172, 8.789062
-948.974609, -340.576172, 9.765625
-943.603516, -344.482422, 6.835938
-941.650391, -344.482422, 1.953125
-944.580078, -341.552734, 1.464844
-942.626953, -337.158203, 9.765625
-944.091797, -356.689453, 6.835938
-943.603516, -349.365234, 22.460938
-947.998047, -349.365234, 29.296875
-,-,-
-932.861328, -340.087891, 7.812500
-932.373047, -338.623047, 27.343750
-955.810547, -342.529297, 8.789062
-958.251953, -350.341797, 4.882812
-945.068359, -334.228516, 10.742188
-931.396484, -338.134766, 6.835938
-941.650391, -338.623047, 5.859375
-944.091797, -344.482422, 5.859375
-945.068359, -338.623047, 6.835938
-939.208984, -337.158203, 6.835938
-943.603516, -337.646484, 15.136719
-939.208984, -353.271484, 3.906250
-936.767578, -340.576172, 13.671875
-943.115234, -340.576172, 11.718750
-943.603516, -341.064453, 12.695312
-936.279297, -343.505859, 9.765625
-940.185547, -342.529297, 9.765625
-942.626953, -337.158203, 20.996094
-944.091797, -342.529297, 15.136719
-940.185547, -344.482422, 5.859375
-941.650391, -344.482422, 18.066406
-936.279297, -346.435547, 7.812500
-946.044922, -342.529297, 4.882812
-940.185547, -345.458984, 4.882812
-941.650391, -340.576172, 9.765625
-942.626953, -342.041016, 6.835938
-947.021484, -345.458984, 9.765625
-976.806641, -363.037109, -3.173828
-971.923828, -413.818359, 20.996094
-896.240234, -327.880859, 49.804688
-903.564453, -340.576172, 42.968750
-,-,-
-902.587891, -354.248047, 4.882812
-948.486328, -350.341797, 10.742188
-958.251953, -345.458984, 8.789062
-950.927734, -351.318359, 26.367188
-931.884766, -342.529297, 24.414062
-932.861328, -340.576172, 15.625000
-942.626953, -341.552734, 20.019531
-944.091797, -347.412109, 13.671875
-943.603516, -343.505859, 11.718750
-944.091797, -339.599609, 21.484375
-939.208984, -343.505859, 20.019531
-937.255859, -337.646484, 23.437500
-939.697266, -345.458984, 3.417969
-943.603516, -338.134766, 22.460938
-942.138672, -336.181641, 17.089844
-939.208984, -341.552734, 14.160156
-941.650391, -348.388672, 11.718750
-941.162109, -345.458984, 10.742188
-940.185547, -339.599609, 13.671875
-947.021484, -338.134766, 9.765625
-937.255859, -341.552734, 2.929688
-938.232422, -346.435547, 8.789062
-947.998047, -337.158203, 10.742188
-946.044922, -339.111328, 15.136719
-944.091797, -342.529297, 12.695312
-932.373047, -343.505859, 14.160156
-939.208984, -341.552734, 5.859375
-948.486328, -327.880859, 15.136719
-942.626953, -337.158203, 12.695312
-942.138672, -348.388672, 8.789062
-939.208984, -336.181641, 4.882812
-953.857422, -361.083984, -2.197266
-966.064453, -336.181641, 14.648438
-,-,-
-961.669922, -340.576172, 8.789062
-944.091797, -346.435547, 31.250000
-947.509766, -347.412109, 25.390625
-946.044922, -339.599609, 22.460938
-931.396484, -340.576172, 8.789062
-933.837891, -337.158203, 23.437500
-949.462891, -331.787109, 20.019531
-948.486328, -337.158203, 23.437500
-932.861328, -341.552734, 18.066406
-941.162109, -328.857422, 12.695312
-948.486328, -338.623047, 27.343750
-941.650391, -335.205078, 20.019531
-938.232422, -342.529297, 12.695312
-938.232422, -330.810547, 18.066406
-940.673828, -343.505859, 10.742188
-942.138672, -346.435547, 20.019531
-942.626953, -338.134766, 19.042969
-944.580078, -335.205078, 15.625000
-939.697266, -344.482422, 14.648438
-945.068359, -338.623047, 20.019531
-945.556641, -342.529297, 22.949219
-943.603516, -343.505859, 20.996094
-947.021484, -333.740234, 13.671875
-941.650391, -332.763672, 20.996094
-943.603516, -339.599609, 14.648438
-938.232422, -342.529297, 17.089844
-937.255859, -339.599609, 13.671875
-943.603516, -340.576172, 23.925781
-940.185547, -340.576172, 11.718750
-944.091797, -340.576172, 14.648438
-940.185547, -350.341797, 12.695312
-939.208984, -336.181641, 19.042969
-945.068359, -390.869141, 65.429688
-926.025391, -349.365234, 33.691406
-931.396484, -325.927734, 47.851562
-942.138672, -335.693359, 54.199219
-,-,-
-949.462891, -350.341797, 24.414062
-955.322266, -339.111328, 27.343750
-945.068359, -336.181641, 19.042969
-936.279297, -349.365234, 8.789062
-930.419922, -344.482422, 26.367188
-942.626953, -350.341797, 23.437500
-940.185547, -344.482422, 27.343750
-937.255859, -352.294922, 16.601562
-936.279297, -345.458984, 10.742188
-936.279297, -342.529297, 25.390625
-947.998047, -351.318359, 20.019531
-936.279297, -343.505859, 8.789062
-938.232422, -347.412109, 11.718750
-938.232422, -346.435547, 11.718750
-934.326172, -352.294922, 15.136719
-934.814453, -342.529297, 8.789062
-935.302734, -334.228516, 22.460938
-944.580078, -342.529297, 15.625000
-937.255859, -349.365234, 11.718750
-933.837891, -345.458984, 20.996094
-937.744141, -343.505859, 13.671875
-939.208984, -342.529297, 14.160156
-938.232422, -350.341797, 18.066406
-938.232422, -341.552734, 13.671875
-943.115234, -339.111328, 6.835938
-933.837891, -342.529297, 7.812500
-941.650391, -343.505859, 16.113281
-937.255859, -340.576172, 23.437500
-936.767578, -341.552734, 10.742188
-940.185547, -348.388672, 13.671875
-947.021484, -350.341797, 6.835938
-942.138672, -346.435547, 16.113281
-933.349609, -338.134766, 11.718750
-938.232422, -338.134766, 20.996094
-930.419922, -335.205078, 2.441406
-,-,-
-909.912109, -349.365234, 6.835938
-948.486328, -357.666016, 13.671875
-960.205078, -354.248047, 13.671875
-953.857422, -340.576172, 3.906250
-940.673828, -344.482422, 2.929688
-924.560547, -354.736328, 10.742188
-924.560547, -346.435547, 13.183594
-936.767578, -343.505859, 8.789062
-928.955078, -347.412109, 7.812500
-943.603516, -349.365234, 3.906250
-938.232422, -346.435547, 8.789062
-934.814453, -343.505859, 8.789062
-940.185547, -352.294922, 11.718750
-936.279297, -338.623047, 7.812500
-935.302734, -344.482422, 8.789062
-940.673828, -345.458984, 6.835938
-941.162109, -348.388672, 7.812500
-938.232422, -345.458984, 0.488281
-946.044922, -347.412109, 10.742188
-938.232422, -348.388672, 5.859375
-939.208984, -344.482422, 7.812500
-942.626953, -345.458984, 4.882812
-940.185547, -347.412109, 8.789062
-937.255859, -346.435547, 7.812500
-936.279297, -353.271484, 5.859375
-939.208984, -349.365234, 0.488281
-934.814453, -346.435547, 7.812500
-940.185547, -352.294922, 3.906250
-941.650391, -354.248047, -1.220703
-952.880859, -362.060547, -3.662109
-981.201172, -370.849609, -5.615234
-,-,-
-969.970703, -350.341797, -9.521484
-951.416016, -338.623047, 11.718750
-946.533203, -344.482422, 9.765625
-921.630859, -342.041016, 6.835938
-918.701172, -345.458984, -1.220703
-938.232422, -335.205078, 14.648438
-951.416016, -347.412109, 3.906250
-938.232422, -336.181641, 1.464844
-931.884766, -337.158203, 9.765625
-939.697266, -345.458984, 7.812500
-942.626953, -343.505859, 7.812500
-943.603516, -348.388672, 7.812500
-948.486328, -346.435547, 4.882812
-937.255859, -347.412109, 4.882812
-940.185547, -357.666016, 4.882812
-943.603516, -352.294922, 14.160156
-939.208984, -340.576172, 3.906250
-944.580078, -347.412109, 10.742188
-933.837891, -351.318359, 6.835938
-939.208984, -349.365234, 7.812500
-942.626953, -341.552734, 9.765625
-945.068359, -347.412109, 15.136719
-939.208984, -349.365234, 3.906250
-933.349609, -348.388672, 6.835938
-942.138672, -344.482422, 6.835938
-940.185547, -343.505859, 9.765625
-938.720703, -347.412109, 5.859375
-931.396484, -346.435547, 4.882812
-942.626953, -346.435547, 2.929688
-940.185547, -344.482422, 6.835938
-938.232422, -336.181641, 4.882812
-937.255859, -345.458984, 6.835938
-940.673828, -348.388672, 8.789062
-950.439453, -352.294922, 3.906250
-959.716797, -327.880859, -7.568359
-958.740234, -357.177734, 18.066406
-,-,-
-940.673828, -348.388672, 5.859375
-952.880859, -334.716797, 8.789062
-938.232422, -352.294922, 11.718750
-944.091797, -348.388672, 15.136719
-926.025391, -342.529297, 10.742188
-922.607422, -343.505859, 12.695312
-935.791016, -342.529297, 8.789062
-947.509766, -349.365234, 5.859375
-938.232422, -342.529297, 7.812500
-936.279297, -340.576172, 11.718750
-938.232422, -344.482422, 6.835938
-932.373047, -341.552734, 10.742188
-941.650391, -342.529297, 4.882812
-945.068359, -344.482422, 12.695312
-940.185547, -342.041016, 17.089844
-937.255859, -345.458984, 15.136719
-944.091797, -344.482422, 5.859375
-939.208984, -346.435547, 5.859375
-941.162109, -346.435547, 3.906250
-941.650391, -337.158203, 9.765625
-938.232422, -347.412109, 11.718750
-935.302734, -339.599609, 1.953125
-947.021484, -347.412109, 10.742188
-933.349609, -343.505859, 5.859375
-937.744141, -346.435547, 6.835938
-938.232422, -345.458984, 7.812500
-934.326172, -348.388672, 8.789062
-947.021484, -346.435547, -3.662109
-943.115234, -345.458984, 10.742188
-937.255859, -339.599609, 4.882812
-946.044922, -344.482422, 0.488281
-961.181641, -331.787109, -12.451172
-,-,-
-952.880859, -356.689453, 19.042969
-927.001953, -325.927734, 17.089844
-952.880859, -357.177734, -4.150391
-940.185547, -352.294922, 8.789062
-933.837891, -349.365234, 20.019531
-933.837891, -333.740234, 9.765625
-939.208984, -340.576172, 6.835938
-943.603516, -343.505859, 25.390625
-939.697266, -348.388672, 5.859375
-934.814453, -341.552734, 8.789062
-938.720703, -340.087891, 18.066406
-948.486328, -354.248047, 16.113281
-939.208984, -345.458984, 8.789062
-935.302734, -343.505859, 7.812500
-944.580078, -343.505859, 13.671875
-939.208984, -345.458984, 11.718750
-939.208984, -343.505859, 11.718750
-938.232422, -337.646484, 9.765625
-942.626953, -346.435547, 7.812500
-935.791016, -344.482422, 12.695312
-941.162109, -343.505859, 17.089844
-938.232422, -343.505859, 8.789062
-939.208984, -336.181641, 16.113281
-943.603516, -339.111328, 21.484375
-943.603516, -344.482422, 8.789062
-937.255859, -339.599609, 16.113281
-942.626953, -347.412109, 10.742188
-947.021484, -345.458984, 10.742188
-943.603516, -342.529297, 10.742188
-941.650391, -342.529297, 5.859375
-964.111328, -346.435547, 13.671875
-944.091797, -336.181641, 9.765625
-,-,-
-947.998047, -346.435547, 14.648438
-938.232422, -346.435547, 8.789062
-942.138672, -346.435547, 6.835938
-947.021484, -339.599609, 6.835938
-944.091797, -344.482422, 7.812500
-940.185547, -343.505859, 2.441406
-938.232422, -340.087891, 4.882812
-940.673828, -345.458984, 5.859375
-941.650391, -336.669922, 4.882812
-946.044922, -343.505859, 15.136719
-937.255859, -345.458984, 6.835938
-932.373047, -341.552734, -5.615234
-941.650391, -345.458984, 4.882812
-947.509766, -341.552734, 6.835938
-945.068359, -341.064453, 2.929688
-938.232422, -337.158203, 14.160156
-936.279297, -345.458984, 13.183594
-947.021484, -339.599609, 18.066406
-941.650391, -338.623047, 6.835938
-915.283203, -334.228516, -1.220703
-938.232422, -334.716797, 7.812500
-946.044922, -335.205078, 6.835938
-947.021484, -343.505859, 2.441406
-940.673828, -343.505859, 6.835938
-935.791016, -342.529297, 6.835938
-947.021484, -340.576172, 4.882812
-946.533203, -338.623047, 5.859375
-945.068359, -336.181641, 0.976562
-942.626953, -340.576172, -0.244141
-950.927734, -339.599609, 5.859375
-945.068359, -342.529297, 6.835938
-937.255859, -342.529297, 7.812500
-941.650391, -337.646484, 6.835938
-941.650391, -342.529297, 0.976562
-951.416016, -360.595703, 15.625000
-982.177734, -403.564453, 5.859375
-,-,-
-946.044922, -367.919922, 4.882812
-944.091797, -347.412109, 16.113281
-948.486328, -349.365234, 5.859375
-942.138672, -345.458984, 16.113281
-941.162109, -351.318359, 6.835938
-943.115234, -345.458984, 11.718750
-935.791016, -341.552734, 18.066406
-934.326172, -343.505859, 5.859375
-941.650391, -344.482422, -0.244141
-944.580078, -345.458984, 11.718750
-935.302734, -349.365234, 1.464844
-938.232422, -352.294922, 5.859375
-946.044922, -343.505859, 7.812500
-947.509766, -344.482422, 5.859375
-940.185547, -340.576172, 14.160156
-937.255859, -344.482422, 17.089844
-941.162109, -342.529297, 8.789062
-938.232422, -343.505859, 13.671875
-941.162109, -340.576172, 6.835938
-938.232422, -340.576172, 11.718750
-938.232422, -343.505859, 5.859375
-938.232422, -347.412109, 6.835938
-938.720703, -342.529297, 5.859375
-942.138672, -339.599609, 16.601562
-941.650391, -350.341797, 7.812500
-936.279297, -342.529297, 5.859375
-942.626953, -348.388672, 4.882812
-935.791016, -343.505859, 11.718750
-933.349609, -345.458984, 9.765625
-941.162109, -344.482422, 10.742188
-941.650391, -341.552734, 10.742188
-941.162109, -336.181641, 6.835938
-937.255859, -347.412109, 1.464844
-925.048828, -347.412109, 8.789062
-939.208984, -346.435547, 1.464844
-942.138672, -355.224609, -2.685547
-926.025391, -382.080078, 5.859375
-,-,-
-943.603516, -324.951172, 41.015625
-927.978516, -310.302734, 33.691406
-950.439453, -344.482422, -5.126953
-943.603516, -338.134766, 14.648438
-936.767578, -338.623047, 20.019531
-945.068359, -333.740234, 19.042969
-941.650391, -336.181641, 20.019531
-938.232422, -339.111328, 15.625000
-936.279297, -337.158203, 15.136719
-953.857422, -339.599609, 8.789062
-944.091797, -331.787109, 10.742188
-937.744141, -343.017578, 6.835938
-947.021484, -332.763672, 18.066406
-939.697266, -339.599609, 9.765625
-942.626953, -336.181641, 8.789062
-939.208984, -346.435547, 5.859375
-936.279297, -340.576172, 6.835938
-948.486328, -336.181641, 17.089844
-941.650391, -338.623047, 6.835938
-936.279297, -339.111328, 6.835938
-939.208984, -332.763672, 11.718750
-945.068359, -334.716797, 6.835938
-947.509766, -340.576172, 4.882812
-939.208984, -340.576172, 11.718750
-943.603516, -344.482422, 6.835938
-947.021484, -339.599609, 5.859375
-942.626953, -334.716797, 17.089844
-941.650391, -338.134766, 12.695312
-936.279297, -333.251953, 12.695312
-947.021484, -339.599609, 13.671875
-945.556641, -338.134766, 5.859375
-936.279297, -343.017578, 12.695312
-939.208984, -341.552734, 9.765625
-941.650391, -343.505859, 6.835938
-950.439453, -338.134766, 16.113281
-943.603516, -330.810547, 8.789062
-940.185547, -341.552734, 7.812500
-940.185547, -344.482422, -2.197266
-,-,-
-925.537109, -306.396484, 30.273438
-947.998047, -341.552734, 12.695312
-956.298828, -340.576172, -5.615234
-947.509766, -327.880859, 20.019531
-934.814453, -336.181641, 15.625000
-940.673828, -328.857422, 13.671875
-944.580078, -338.623047, 8.789062
-948.486328, -334.716797, 11.718750
-942.626953, -325.927734, 20.019531
-941.162109, -330.810547, 22.460938
-940.185547, -330.810547, 4.882812
-944.091797, -339.599609, 15.625000
-952.880859, -347.412109, 13.671875
-940.185547, -336.181641, 9.765625
-938.232422, -332.763672, 11.718750
-946.044922, -332.763672, 10.742188
-946.044922, -338.134766, 21.484375
-941.162109, -340.576172, 7.812500
-939.208984, -336.181641, 13.671875
-947.021484, -338.134766, 10.742188
-937.255859, -342.529297, 16.601562
-939.208984, -338.134766, 5.859375
-950.439453, -340.576172, 9.765625
-945.068359, -334.228516, 13.671875
-942.626953, -342.529297, 17.089844
-943.603516, -339.599609, 8.789062
-942.626953, -339.111328, 20.019531
-947.998047, -332.763672, 6.835938
-939.697266, -338.134766, 8.789062
-946.533203, -331.787109, 10.742188
-939.208984, -341.552734, 11.718750
-947.509766, -338.623047, 11.718750
-949.462891, -336.181641, 8.789062
-946.533203, -341.064453, 2.929688
-942.626953, -384.033203, -11.474609
-,-,-
-936.279297, -358.154297, 12.695312
-922.119141, -352.294922, 7.812500
-940.185547, -333.251953, 4.882812
-951.416016, -341.552734, 6.835938
-941.162109, -329.833984, 2.441406
-929.443359, -343.505859, 3.906250
-942.626953, -339.599609, 6.835938
-951.904297, -339.111328, 5.859375
-933.837891, -342.529297, 6.835938
-946.044922, -347.412109, 8.789062
-942.626953, -337.158203, 6.835938
-941.650391, -330.810547, 12.207031
-942.138672, -346.435547, 5.859375
-931.884766, -340.087891, 0.976562
-944.091797, -341.552734, 4.882812
-941.650391, -338.134766, 7.812500
-934.814453, -339.599609, 1.953125
-941.162109, -337.158203, 5.859375
-940.673828, -337.646484, 7.812500
-943.115234, -341.552734, 8.789062
-943.115234, -348.388672, 11.718750
-944.091797, -339.111328, 7.812500
-943.115234, -341.552734, 6.835938
-937.255859, -341.552734, 3.906250
-939.697266, -337.646484, 1.953125
-937.255859, -342.529297, 3.906250
-948.486328, -342.529297, 7.812500
-939.208984, -343.505859, 7.812500
-943.115234, -336.181641, 5.859375
-945.068359, -340.087891, 5.859375
-943.603516, -342.529297, 4.882812
-941.162109, -340.576172, 5.859375
-937.255859, -338.134766, 1.464844
-945.068359, -340.576172, 7.812500
-937.744141, -340.576172, 16.601562
-934.814453, -336.181641, 0.000000
-941.162109, -340.576172, 1.953125
-948.486328, -343.505859, 2.929688
-940.185547, -339.111328, 7.812500
-940.185547, -341.552734, 3.906250
-937.255859, -336.181641, 6.835938
-942.626953, -340.576172, 5.859375
-931.396484, -354.736328, 6.835938
-,-,-
-952.880859, -305.419922, -9.521484
-947.509766, -338.134766, 7.812500
-946.044922, -337.158203, 1.953125
-945.068359, -342.529297, 9.765625
-938.232422, -329.833984, 12.695312
-944.580078, -333.251953, 4.882812
-943.115234, -334.716797, -1.220703
-951.416016, -337.158203, 5.859375
-945.556641, -338.134766, 6.835938
-941.162109, -329.833984, 2.441406
-944.580078, -328.857422, 13.671875
-941.162109, -331.787109, 4.882812
-941.162109, -344.482422, 4.882812
-945.556641, -339.599609, 2.929688
-943.603516, -337.158203, 1.464844
-941.162109, -336.181641, 9.765625
-945.068359, -334.228516, 5.859375
-944.091797, -328.857422, 5.859375
-943.115234, -327.880859, 5.859375
-942.626953, -329.833984, 5.859375
-944.091797, -333.740234, 5.859375
-944.091797, -331.787109, 2.441406
-941.162109, -332.763672, 1.953125
-947.998047, -332.763672, -2.685547
-940.185547, -326.904297, 8.789062
-949.951172, -332.763672, 2.441406
-947.509766, -327.880859, 12.695312
-943.115234, -337.646484, -3.173828
-944.091797, -329.833984, 3.417969
-943.115234, -334.228516, 5.371094
-936.279297, -327.880859, 8.789062
-938.232422, -328.857422, 5.859375
-948.486328, -331.787109, -10.498047
-947.021484, -326.904297, 4.882812
-940.673828, -333.740234, 1.464844
-937.255859, -337.158203, -1.220703
-947.021484, -334.228516, 2.929688
-955.810547, -339.599609, 1.464844
-926.513672, -334.716797, 6.835938
-939.208984, -335.205078, 3.906250
-933.837891, -347.412109, 32.226562
-951.416016, -333.740234, 4.882812
-,-,-
-941.162109, -342.529297, 24.414062
-952.880859, -337.158203, 19.042969
-933.837891, -322.021484, 22.460938
-943.603516, -340.576172, 3.906250
-940.185547, -337.646484, 9.765625
-946.044922, -332.763672, 8.789062
-942.138672, -336.181641, 13.671875
-944.091797, -336.181641, 8.789062
-944.091797, -323.974609, 6.835938
-937.255859, -324.951172, 7.812500
-939.208984, -326.904297, 9.765625
-945.068359, -331.787109, 17.089844
-952.880859, -337.646484, 9.765625
-941.650391, -338.134766, 1.953125
-943.603516, -330.810547, 6.835938
-941.650391, -330.810547, 9.765625
-947.021484, -325.927734, 10.742188
-940.185547, -332.763672, 4.882812
-938.232422, -327.880859, 8.789062
-943.603516, -333.740234, 7.812500
-953.857422, -330.810547, 7.812500
-949.462891, -331.787109, 2.441406
-941.650391, -332.763672, 7.812500
-942.138672, -327.880859, 2.929688
-947.021484, -330.810547, 9.765625
-943.603516, -332.763672, 2.929688
-942.626953, -332.763672, 2.929688
-946.044922, -329.833984, 7.812500
-943.115234, -323.974609, 7.812500
-940.673828, -327.880859, 13.671875
-949.462891, -334.228516, 7.812500
-949.462891, -331.787109, 8.789062
-945.068359, -331.787109, 7.812500
-945.068359, -322.998047, 16.113281
-950.439453, -331.787109, 8.789062
-948.486328, -336.181641, 8.789062
-934.814453, -323.974609, 18.066406
-935.302734, -343.505859, 12.695312
-,-,-
-948.486328, -336.181641, 12.695312
-928.955078, -344.482422, 31.250000
-946.044922, -340.087891, 1.464844
-951.904297, -328.857422, 20.996094
-950.927734, -335.205078, 25.390625
-937.744141, -334.228516, 20.996094
-942.626953, -325.927734, 20.019531
-947.998047, -328.857422, 15.625000
-944.580078, -328.857422, 12.695312
-944.580078, -329.833984, 20.996094
-947.021484, -327.880859, 13.671875
-941.650391, -336.181641, 24.414062
-942.626953, -333.740234, 13.671875
-947.509766, -332.763672, 21.484375
-945.068359, -328.857422, 13.671875
-947.021484, -336.181641, 10.742188
-941.650391, -333.251953, 19.042969
-941.162109, -329.833984, 17.089844
-949.462891, -330.810547, 13.671875
-943.115234, -336.181641, 18.066406
-941.162109, -328.857422, 15.625000
-947.509766, -325.927734, 16.113281
-950.927734, -331.787109, 20.019531
-947.509766, -327.880859, 10.742188
-942.626953, -334.228516, 12.207031
-945.556641, -322.998047, 18.066406
-951.416016, -330.810547, 9.765625
-945.068359, -330.810547, 11.718750
-941.162109, -332.763672, 19.042969
-948.486328, -329.833984, 20.019531
-948.486328, -331.787109, 16.113281
-937.255859, -328.857422, 11.718750
-944.580078, -335.205078, 14.160156
-946.044922, -326.904297, 7.812500
-943.603516, -337.158203, 12.695312
-939.208984, -327.880859, 17.089844
-947.998047, -346.435547, 11.718750
-931.884766, -332.763672, 23.437500
-944.091797, -335.205078, 8.789062
-951.904297, -332.763672, 13.183594
-947.021484, -335.205078, 9.765625
-942.626953, -330.810547, 12.695312
-951.904297, -342.529297, 18.066406
-951.904297, -332.763672, 11.718750
-958.251953, -312.744141, 19.042969
-,-,-
-914.794922, -311.767578, 14.648438
-942.138672, -355.224609, 24.414062
-964.111328, -310.791016, 5.859375
-942.138672, -330.810547, 9.765625
-940.185547, -335.205078, 12.695312
-952.392578, -330.810547, 11.718750
-948.486328, -326.904297, 6.835938
-941.650391, -330.810547, 7.812500
-944.091797, -335.205078, 8.789062
-945.068359, -338.134766, 15.625000
-940.185547, -329.833984, 7.812500
-949.462891, -328.857422, 16.601562
-947.021484, -329.833984, 6.835938
-946.044922, -337.646484, 9.765625
-945.068359, -330.810547, 7.812500
-947.021484, -325.927734, 6.835938
-944.580078, -324.951172, 10.742188
-946.533203, -332.763672, 14.648438
-943.603516, -331.787109, 6.835938
-942.626953, -323.974609, 5.859375
-947.021484, -323.974609, 11.718750
-946.533203, -334.716797, 7.812500
-944.091797, -329.833984, 11.718750
-942.626953, -323.974609, 9.765625
-949.462891, -335.205078, 2.929688
-944.091797, -322.021484, 8.789062
-939.697266, -329.833984, 3.906250
-944.580078, -330.810547, 7.812500
-948.486328, -331.787109, 11.718750
-944.091797, -330.810547, 4.882812
-946.044922, -339.111328, 6.835938
-946.044922, -328.857422, 7.812500
-946.044922, -325.927734, 7.812500
-939.208984, -333.251953, 9.765625
-949.462891, -335.693359, 7.812500
-942.626953, -333.251953, 9.765625
-938.232422, -330.810547, 3.906250
-952.880859, -328.857422, 9.765625
-953.857422, -331.787109, 6.835938
-948.486328, -332.275391, 0.488281
-936.279297, -332.763672, 11.718750
-945.068359, -337.158203, -2.197266
-965.087891, -332.763672, 4.882812
-,-,-
-941.650391, -324.951172, 18.066406
-931.396484, -326.904297, 8.789062
-952.880859, -334.716797, 5.859375
-946.044922, -326.904297, -0.244141
-945.068359, -330.810547, 16.113281
-938.232422, -330.810547, 21.484375
-953.857422, -326.904297, 5.859375
-950.927734, -328.857422, 12.695312
-941.650391, -325.927734, 3.906250
-947.509766, -327.880859, 8.789062
-947.998047, -334.228516, 8.789062
-941.162109, -337.158203, 5.859375
-947.998047, -332.763672, 8.789062
-944.580078, -323.974609, 8.789062
-944.580078, -334.228516, 4.882812
-946.044922, -337.158203, 4.882812
-941.162109, -326.904297, 0.488281
-944.091797, -328.857422, 0.488281
-947.509766, -330.810547, 2.929688
-937.255859, -329.833984, 10.742188
-949.462891, -331.787109, 6.835938
-948.486328, -326.904297, 7.812500
-941.162109, -322.021484, 8.789062
-944.091797, -319.580078, 3.906250
-946.044922, -333.740234, 7.812500
-945.068359, -330.810547, 6.835938
-946.044922, -328.857422, -2.685547
-939.208984, -327.880859, 4.394531
-949.462891, -331.787109, 7.812500
-948.486328, -328.857422, 9.765625
-945.068359, -332.763672, 3.906250
-942.626953, -327.880859, 5.859375
-949.462891, -334.716797, 8.789062
-946.044922, -329.833984, 4.882812
-935.791016, -325.927734, 2.929688
-941.650391, -333.740234, 1.953125
-937.255859, -338.623047, 2.441406
-944.091797, -359.619141, -7.568359
-962.158203, -317.138672, -3.662109
-,-,-
-940.185547, -330.810547, -5.615234
-930.419922, -322.021484, 10.742188
-936.767578, -336.181641, 17.089844
-949.462891, -332.275391, -2.197266
-948.974609, -335.205078, 0.488281
-952.392578, -327.880859, 2.929688
-942.626953, -322.998047, 7.812500
-942.138672, -318.115234, 12.695312
-948.974609, -321.044922, 5.859375
-950.439453, -321.044922, 0.488281
-945.556641, -325.927734, -0.244141
-945.068359, -323.974609, 2.929688
-945.068359, -324.951172, 0.488281
-944.091797, -319.091797, -5.615234
-946.044922, -323.974609, 7.812500
-943.115234, -324.951172, 5.859375
-949.462891, -325.927734, 6.835938
-949.462891, -317.138672, 6.835938
-944.091797, -322.021484, 7.812500
-942.626953, -326.904297, 4.882812
-946.533203, -328.857422, 10.742188
-943.603516, -326.904297, 1.953125
-956.298828, -323.974609, 7.812500
-947.998047, -325.927734, 4.882812
-944.091797, -334.228516, -2.197266
-950.439453, -315.185547, 1.953125
-949.462891, -326.904297, 7.812500
-944.580078, -328.857422, 4.882812
-945.556641, -329.833984, 4.882812
-944.580078, -325.927734, 4.882812
-948.486328, -332.763672, 7.812500
-946.044922, -318.115234, 20.019531
-946.044922, -323.974609, -3.662109
-964.599609, -354.248047, 0.488281
-959.716797, -323.974609, 6.835938
-,-,-
-954.345703, -339.111328, 15.625000
-949.462891, -320.068359, 24.414062
-949.462891, -329.833984, 6.835938
-942.626953, -328.857422, 4.882812
-938.232422, -329.833984, 13.671875
-945.556641, -325.927734, 4.882812
-950.439453, -316.650391, 17.089844
-947.998047, -335.693359, 5.859375
-946.044922, -324.951172, 3.906250
-944.091797, -323.974609, 6.835938
-945.068359, -328.857422, 8.789062
-947.021484, -326.904297, 9.765625
-946.044922, -321.044922, 9.765625
-947.509766, -324.951172, 11.718750
-943.603516, -330.810547, 4.882812
-945.068359, -315.673828, 8.789062
-944.091797, -323.974609, 12.695312
-947.021484, -331.787109, 9.765625
-949.462891, -327.880859, 11.718750
-948.486328, -324.951172, -1.220703
-945.068359, -325.927734, 18.066406
-938.720703, -322.998047, 2.929688
-945.068359, -331.787109, 13.671875
-939.697266, -332.275391, 7.812500
-947.509766, -332.763672, 5.859375
-954.345703, -323.974609, 11.718750
-948.486328, -329.833984, -0.244141
-937.744141, -327.880859, 7.812500
-943.115234, -323.974609, 8.789062
-950.439453, -330.810547, 15.136719
-955.322266, -326.904297, 7.812500
-946.044922, -329.833984, 8.789062
-949.462891, -330.810547, 4.882812
-945.068359, -322.998047, 14.160156
-935.791016, -337.158203, -0.244141
-,-,-
-941.650391, -337.158203, -5.126953
-957.763672, -342.529297, -11.474609
-944.580078, -331.787109, 5.859375
-947.998047, -325.927734, -0.244141
-946.533203, -329.833984, -5.615234
-939.208984, -326.904297, -1.220703
-943.603516, -335.205078, -3.173828
-946.044922, -338.134766, 5.859375
-950.439453, -336.181641, -2.197266
-945.068359, -330.810547, -1.220703
-942.138672, -330.810547, 3.906250
-944.580078, -325.927734, 1.464844
-945.068359, -327.880859, -1.220703
-946.044922, -325.927734, 7.812500
-947.021484, -335.205078, -8.544922
-942.626953, -329.833984, -7.568359
-950.439453, -328.857422, 2.929688
-955.322266, -332.763672, 5.859375
-946.044922, -334.716797, 4.394531
-942.138672, -330.810547, -4.150391
-945.068359, -328.857422, -0.244141
-945.068359, -327.880859, 1.464844
-941.650391, -325.927734, 6.835938
-946.044922, -324.951172, 3.417969
-952.880859, -334.228516, -3.662109
-946.533203, -327.880859, -0.244141
-943.603516, -329.833984, 0.488281
-943.115234, -327.880859, 1.464844
-947.509766, -331.787109, 11.718750
-948.486328, -331.787109, 1.953125
-942.626953, -327.880859, 4.882812
-941.162109, -335.205078, 8.789062
-947.998047, -328.857422, 2.929688
-947.998047, -324.951172, -0.244141
-953.857422, -327.880859, 5.859375
-942.626953, -329.833984, 0.976562
-939.208984, -327.880859, 4.882812
-936.279297, -343.505859, -3.173828
-956.298828, -349.365234, 10.742188
-943.603516, -324.951172, 17.089844
-,-,-
-937.744141, -333.251953, 19.042969
-936.279297, -325.927734, 28.320312
-950.439453, -348.388672, 14.648438
-947.509766, -370.849609, -18.798828
-952.392578, -319.091797, 0.488281
-942.626953, -399.169922, -13.916016
-943.603516, -325.927734, 0.000000
-943.115234, -322.998047, -3.662109
-948.486328, -332.763672, -3.173828
-945.068359, -323.974609, -3.173828
-938.232422, -330.810547, 10.742188
-941.650391, -333.251953, 3.906250
-944.580078, -322.021484, 3.906250
-942.626953, -320.068359, -5.126953
-954.833984, -327.880859, -8.544922
-947.509766, -331.787109, 2.441406
-941.650391, -327.880859, -4.638672
-943.603516, -328.857422, 2.441406
-948.974609, -331.787109, 1.953125
-941.162109, -326.904297, 2.441406
-946.044922, -336.181641, -0.244141
-947.509766, -329.833984, 2.441406
-947.021484, -334.228516, -4.638672
-938.232422, -325.927734, 0.976562
-941.650391, -329.833984, -10.498047
-945.068359, -330.810547, -0.244141
-948.974609, -323.974609, -7.568359
-942.626953, -327.880859, -7.080078
-942.138672, -329.833984, -14.892578
-947.509766, -330.810547, -5.615234
-950.927734, -333.740234, -0.244141
-952.392578, -334.228516, -9.521484
-985.595703, -358.642578, -1.220703
-,-,-
-947.509766, -312.744141, -28.076172
-935.302734, -350.341797, 6.835938
-947.021484, -312.744141, -22.216797
-965.576172, -294.677734, -7.568359
-966.552734, -312.744141, -13.427734
-942.626953, -318.115234, -19.775391
-941.162109, -325.927734, -7.568359
-947.021484, -325.927734, -22.705078
-951.416016, -328.857422, -17.822266
-945.068359, -318.115234, -7.568359
-950.439453, -324.951172, -17.333984
-948.486328, -327.880859, -10.498047
-947.021484, -317.138672, -12.451172
-944.091797, -322.021484, -8.544922
-946.044922, -327.880859, -10.498047
-947.509766, -323.974609, -5.615234
-954.345703, -326.904297, -9.521484
-948.974609, -325.927734, -11.474609
-961.669922, -327.880859, -17.822266
-943.603516, -317.138672, -6.591797
-948.486328, -319.091797, -10.498047
-940.185547, -322.021484, -10.498047
-949.462891, -317.138672, -8.544922
-948.974609, -313.720703, -9.521484
-948.486328, -327.880859, -12.451172
-941.650391, -324.951172, -7.568359
-954.345703, -334.716797, -13.427734
-953.857422, -327.880859, -3.173828
-969.482422, -379.638672, 32.226562
-1004.150391, -385.009766, 16.601562
-,-,-
-924.560547, -339.111328, -26.123047
-913.330078, -326.904297, 58.105469
-931.884766, -347.412109, 16.601562
-923.583984, -346.435547, 10.742188
-935.791016, -332.275391, 11.718750
-959.716797, -345.458984, 18.066406
-953.369141, -343.505859, 9.765625
-950.927734, -339.599609, 4.882812
-942.626953, -333.251953, 6.835938
-942.626953, -344.482422, 5.859375
-943.603516, -339.599609, 6.835938
-932.373047, -331.787109, -0.244141
-966.552734, -339.599609, 2.441406
-950.439453, -346.435547, 17.089844
-921.142578, -343.505859, 7.812500
-933.837891, -339.599609, 9.765625
-946.044922, -335.693359, 7.812500
-947.021484, -330.810547, 1.953125
-946.044922, -331.787109, 1.464844
-946.044922, -334.716797, 1.953125
-940.185547, -325.927734, 1.464844
-941.162109, -333.740234, 1.953125
-943.603516, -339.599609, 4.882812
-946.044922, -340.576172, 5.859375
-938.232422, -330.810547, 7.812500
-943.603516, -333.740234, 6.835938
-947.021484, -342.529297, 5.859375
-938.232422, -329.833984, 10.742188
-943.603516, -343.505859, -1.220703
-957.275391, -335.205078, -3.173828
-942.626953, -359.619141, 28.320312
-991.455078, -424.560547, 28.320312
